3 12 15
4 13 15
5 14 15
6 13 15
7 12 15
6 11 15
5 12 15
6 12 15
5 13 15
6 14 15
5 15 15
4 14 15
5 15 15
6 14 15
5 13 15
6 12 15
7 11 15
8 10 15
7 9 15
8 10 15
7 9 15
8 9 15
7 8 15
8 9 15
7 10 15
8 11 15
8 10 15
9 9 15
8 10 15
9 11 15
8 12 15
9 13 15
10 14 15
11 13 15
12 12 15
11 13 15
10 14 15
9 14 15
8 15 15
9 16 15
10 17 15
9 18 15
9 19 15
8 18 15
9 17 15
10 18 15
11 19 15
10 19 15
11 18 15
12 17 15
13 16 15
14 16 15
13 15 15
14 15 15
15 14 15
14 15 15
15 15 15
16 16 15
17 15 15
18 14 15
19 15 15
19 14 15
19 15 15
19 14 15
19 14 15
19 14 15
19 14 15
19 14 15
19 15 15
19 14 15
18 15 15
19 14 15
19 14 15
19 15 15
19 14 15
19 14 15
19 14 15
19 15 15
19 14 15
19 15 15
19 14 15
19 13 15
19 12 15
18 11 15
18 10 15
19 11 15
19 10 15
18 11 15
17 11 15
18 12 15
19 13 15
19 12 15
19 13 15
18 14 15
19 13 15
18 12 15
19 13 15
19 12 15
19 13 15
19 14 15
19 15 15
19 16 15
19 15 15
19 14 15
18 13 15
19 14 15
18 13 15
19 12 15
19 13 15
19 14 15
18 13 15
19 14 15
18 13 15
19 14 15
18 13 15
19 14 15
18 13 15
19 14 15
18 13 15
19 14 15
18 13 15
19 14 15
18 13 15
19 14 15
18 13 15
19 14 15
18 13 15
19 14 15
18 13 15
19 14 15
18 13 15
19 14 15
18 13 15
19 14 15
18 13 15
19 14 15
18 13 15
19 14 15
18 13 15
19 14 15
18 13 15
19 14 15
18 13 15
19 14 15
18 13 15
19 14 15
18 13 15
19 14 15
18 13 15
19 14 15
18 13 15
19 14 15
18 13 15
19 14 15
18 13 15
19 14 15
18 13 15
19 14 15
18 13 15
19 14 15
18 13 15
19 14 15
18 13 15
19 14 15
18 13 15
19 14 15
18 13 15
19 14 15
18 13 15
19 14 15
18 13 15
19 14 15
18 13 15
19 14 15
18 13 15
19 14 15
18 13 15
19 14 15
18 13 15
19 14 15
18 13 15
19 14 15
18 13 15
19 14 15
19 13 15
19 14 15
18 13 15
19 14 15
18 13 15
19 14 15
18 13 15
19 14 15
18 13 15
19 14 15
18 13 15
19 12 15
19 13 15
19 14 15
18 13 15
19 14 15
