1 9 13
0 8 13
0 7 13
0 6 13
1 7 13
0 8 13
0 7 13
0 6 13
0 7 13
0 6 13
0 7 13
0 6 13
0 7 13
0 6 13
0 7 13
0 6 13
0 7 13
0 6 13
0 7 13
0 6 13
0 7 13
0 6 13
0 7 13
1 6 13
0 5 13
1 6 13
2 5 13
3 6 13
4 7 13
5 6 13
6 7 13
7 8 13
6 7 13
7 8 13
6 7 13
7 8 13
6 7 13
7 8 13
6 7 13
7 8 13
6 7 13
7 8 13
6 7 13
7 8 13
6 7 13
7 8 13
6 7 13
7 8 13
6 7 13
7 8 13
6 7 13
7 8 13
6 7 13
7 8 13
6 7 13
5 6 13
6 7 13
7 8 13
6 7 13
7 8 13
6 7 13
7 8 13
6 7 13
7 8 13
6 7 13
7 8 13
6 7 13
7 8 13
6 7 13
7 8 13
6 7 13
7 8 13
6 7 13
7 8 13
6 7 13
7 8 13
6 7 13
7 8 13
6 7 13
7 8 13
6 7 13
7 8 13
6 7 13
7 8 13
6 7 13
7 8 13
6 7 13
7 8 13
6 7 13
7 8 13
6 7 13
7 8 13
6 7 13
7 8 13
6 7 13
7 8 13
6 7 13
5 6 13
6 7 13
7 8 13
6 7 13
7 8 13
6 7 13
7 8 13
6 7 13
7 8 13
6 7 13
7 8 13
6 7 13
7 8 13
6 7 13
7 8 13
8 7 13
7 8 13
6 7 13
7 8 13
6 7 13
7 8 13
6 7 13
7 8 13
6 7 13
7 8 13
6 7 13
5 6 13
6 7 13
7 8 13
6 7 13
7 8 13
6 7 13
7 8 13
6 7 13
7 8 13
6 7 13
7 8 13
6 7 13
7 8 13
6 7 13
7 8 13
6 7 13
7 8 13
6 9 13
5 8 13
6 7 13
7 8 13
6 7 13
7 8 13
6 7 13
7 8 13
6 7 13
7 8 13
6 7 13
7 8 13
6 7 13
7 8 13
6 7 13
7 8 13
6 7 13
7 8 13
6 7 13
7 8 13
6 7 13
7 8 13
6 7 13
7 8 13
6 7 13
7 8 13
6 7 13
7 8 13
6 7 13
7 8 13
6 7 13
7 8 13
6 7 13
7 8 13
6 7 13
7 6 13
6 7 13
7 8 13
6 7 13
7 8 13
6 7 13
7 8 13
6 7 13
7 8 13
6 7 13
7 8 13
6 7 13
7 8 13
6 7 13
7 8 13
6 7 13
7 8 13
6 7 13
7 8 13
6 7 13
7 8 13
6 7 13
7 8 13
6 7 13
7 8 13
