4 1 15
3 2 15
4 3 15
3 2 15
2 1 15
1 2 15
1 3 15
2 2 15
1 1 15
0 2 15
1 1 15
2 2 15
1 1 15
0 2 15
1 1 15
2 2 15
1 1 15
2 0 15
3 0 15
2 1 15
1 0 15
0 1 15
0 2 15
1 3 15
0 4 15
0 4 15
0 3 15
1 2 15
0 2 15
0 3 15
1 2 15
2 1 15
3 2 15
2 1 15
1 0 15
2 1 15
2 0 15
1 0 15
2 0 15
3 0 15
4 0 15
3 0 15
3 0 15
2 0 15
1 0 15
0 0 15
0 0 15
0 0 15
1 1 15
0 2 15
0 1 15
0 0 15
1 0 15
0 1 15
0 0 15
0 1 15
1 2 15
2 3 15
1 4 15
2 3 15
3 3 15
4 2 15
5 2 15
6 3 15
7 2 15
8 3 15
9 4 15
10 3 15
11 4 15
10 5 15
11 4 15
11 3 15
12 2 15
13 1 15
14 2 15
15 1 15
16 0 15
15 0 15
14 1 15
15 2 15
14 1 15
15 2 15
14 1 15
15 0 15
14 1 15
15 2 15
14 1 15
15 0 15
14 1 15
15 2 15
14 1 15
15 2 15
14 1 15
15 2 15
14 1 15
15 2 15
14 3 15
15 2 15
14 1 15
15 2 15
14 3 15
15 2 15
14 1 15
15 2 15
14 1 15
15 2 15
14 1 15
15 2 15
14 1 15
15 2 15
14 1 15
15 2 15
14 1 15
15 2 15
14 1 15
15 2 15
14 1 15
15 2 15
14 1 15
15 2 15
14 1 15
15 2 15
14 1 15
15 2 15
14 1 15
15 2 15
14 1 15
15 2 15
14 1 15
15 2 15
14 1 15
15 2 15
14 1 15
15 2 15
14 1 15
15 2 15
14 1 15
15 2 15
14 1 15
15 2 15
14 1 15
15 2 15
14 1 15
15 2 15
14 1 15
13 2 15
14 3 15
15 2 15
14 3 15
15 2 15
14 1 15
15 2 15
14 1 15
15 2 15
14 1 15
15 2 15
14 1 15
15 2 15
14 1 15
15 2 15
14 1 15
15 2 15
14 1 15
15 2 15
14 1 15
15 2 15
14 1 15
15 2 15
14 1 15
15 2 15
14 1 15
15 2 15
14 1 15
15 2 15
14 1 15
15 2 15
14 1 15
15 2 15
14 1 15
15 2 15
14 1 15
15 2 15
14 1 15
15 2 15
14 1 15
15 2 15
14 1 15
15 2 15
14 1 15
15 2 15
14 1 15
15 2 15
14 1 15
15 2 15
14 1 15
15 2 15
14 1 15
15 2 15
14 1 15
15 2 15
