8 15 10
7 14 10
6 13 10
7 12 10
7 13 10
8 12 10
9 13 10
8 12 10
9 11 10
8 10 10
9 11 10
8 12 10
7 11 10
8 10 10
9 11 10
8 12 10
9 13 10
8 12 10
9 11 10
8 12 10
7 11 10
8 11 10
7 12 10
6 13 10
5 12 10
4 11 10
5 10 10
4 11 10
3 10 10
2 9 10
2 10 10
1 11 10
2 12 10
1 11 10
0 12 10
1 13 10
0 14 10
0 13 10
0 14 10
0 13 10
1 12 10
0 11 10
0 10 10
1 9 10
0 8 10
0 9 10
1 8 10
0 7 10
1 6 10
2 5 10
3 6 10
4 5 10
5 4 10
4 5 10
5 4 10
4 4 10
5 3 10
6 2 10
6 1 10
5 0 10
4 0 10
3 1 10
2 0 10
1 1 10
0 2 10
1 1 10
0 2 10
1 1 10
0 2 10
1 1 10
0 2 10
1 1 10
0 2 10
1 1 10
0 2 10
1 1 10
0 2 10
1 1 10
0 2 10
1 1 10
0 2 10
1 1 10
0 2 10
1 1 10
0 2 10
1 1 10
0 2 10
1 1 10
0 2 10
1 1 10
0 2 10
0 1 10
0 0 10
1 0 10
0 1 10
1 2 10
2 3 10
2 2 10
1 1 10
0 2 10
1 1 10
0 2 10
1 1 10
0 2 10
1 1 10
0 2 10
1 1 10
0 2 10
1 1 10
0 2 10
1 1 10
2 2 10
1 1 10
0 2 10
1 1 10
0 2 10
0 3 10
0 2 10
1 1 10
0 2 10
1 1 10
0 2 10
1 1 10
0 2 10
1 1 10
0 2 10
1 1 10
2 0 10
1 1 10
0 2 10
1 1 10
0 2 10
1 1 10
0 2 10
1 1 10
0 2 10
1 1 10
0 2 10
1 1 10
2 0 10
1 1 10
0 2 10
1 1 10
0 2 10
1 1 10
0 2 10
1 1 10
2 1 10
1 1 10
0 2 10
1 1 10
0 2 10
1 1 10
0 2 10
1 1 10
0 2 10
1 1 10
0 2 10
1 1 10
0 2 10
1 1 10
0 2 10
1 1 10
2 0 10
1 1 10
0 2 10
0 3 10
0 2 10
1 1 10
2 0 10
1 1 10
0 2 10
1 1 10
0 2 10
1 1 10
2 2 10
1 1 10
0 2 10
1 1 10
0 2 10
1 1 10
0 2 10
1 1 10
0 2 10
1 1 10
0 2 10
1 1 10
0 2 10
1 1 10
0 2 10
1 1 10
0 0 10
1 0 10
1 1 10
0 2 10
1 1 10
0 2 10
1 1 10
0 2 10
1 1 10
