3 15 13
3 16 13
4 17 13
5 16 13
6 17 13
5 18 13
4 17 13
5 16 13
5 15 13
4 14 13
5 13 13
6 14 13
5 15 13
6 14 13
5 15 13
6 14 13
5 14 13
4 13 13
5 12 13
6 11 13
7 12 13
6 12 13
7 11 13
8 10 13
7 9 13
7 10 13
6 9 13
7 8 13
6 9 13
5 8 13
4 7 13
3 6 13
2 5 13
1 4 13
2 3 13
1 4 13
0 3 13
1 2 13
1 3 13
1 4 13
2 3 13
1 4 13
0 3 13
0 4 13
1 5 13
0 4 13
1 5 13
2 5 13
2 4 13
1 4 13
2 5 13
2 4 13
1 5 13
0 4 13
1 5 13
2 4 13
3 3 13
2 3 13
1 2 13
0 2 13
1 3 13
2 3 13
3 2 13
4 3 13
5 2 13
6 3 13
5 4 13
6 5 13
7 4 13
8 5 13
9 5 13
10 6 13
10 5 13
9 6 13
10 5 13
9 6 13
8 6 13
9 7 13
10 6 13
11 5 13
12 4 13
11 3 13
10 2 13
9 1 13
10 1 13
11 2 13
12 3 13
12 4 13
13 3 13
13 4 13
12 5 13
12 4 13
13 3 13
14 2 13
13 1 13
12 0 13
13 0 13
14 0 13
13 1 13
12 0 13
13 1 13
12 2 13
11 3 13
12 2 13
12 1 13
13 2 13
12 3 13
12 4 13
13 5 13
14 5 13
14 4 13
14 3 13
15 2 13
16 1 13
17 0 13
18 1 13
17 2 13
18 1 13
17 0 13
18 1 13
17 2 13
18 3 13
19 4 13
19 3 13
19 2 13
19 3 13
19 4 13
19 3 13
18 2 13
19 1 13
18 0 13
17 0 13
16 1 13
17 0 13
17 1 13
18 2 13
19 1 13
18 0 13
17 0 13
18 1 13
17 0 13
18 1 13
17 0 13
16 0 13
17 1 13
16 1 13
17 0 13
17 1 13
16 0 13
17 0 13
17 1 13
18 1 13
17 0 13
17 1 13
16 0 13
17 0 13
18 1 13
17 0 13
16 1 13
17 0 13
18 1 13
17 0 13
17 1 13
16 1 13
17 0 13
18 1 13
17 0 13
17 1 13
16 2 13
17 1 13
16 1 13
17 0 13
17 1 13
16 0 13
15 1 13
16 0 13
15 0 13
16 0 13
17 1 13
16 1 13
17 0 13
16 1 13
17 0 13
18 1 13
17 0 13
16 1 13
17 0 13
17 1 13
16 2 13
17 3 13
17 2 13
16 3 13
16 2 13
17 1 13
16 2 13
17 1 13
16 0 13
17 1 13
16 1 13
17 0 13
