2 18 15
1 17 15
2 17 15
2 18 15
1 19 15
2 19 15
3 18 15
4 17 15
3 18 15
2 18 15
3 17 15
2 16 15
1 15 15
1 16 15
2 15 15
3 16 15
4 15 15
5 16 15
4 15 15
4 16 15
5 17 15
6 18 15
7 18 15
8 17 15
7 16 15
8 15 15
9 15 15
8 15 15
8 16 15
9 15 15
8 16 15
9 17 15
8 18 15
9 19 15
8 19 15
9 18 15
8 19 15
7 19 15
6 18 15
5 17 15
6 16 15
7 15 15
6 14 15
7 13 15
6 14 15
7 13 15
6 12 15
7 11 15
6 10 15
5 9 15
6 10 15
5 9 15
6 8 15
7 7 15
6 6 15
7 5 15
6 6 15
7 5 15
6 6 15
5 5 15
6 5 15
5 4 15
4 3 15
5 2 15
4 3 15
3 2 15
4 1 15
3 2 15
4 1 15
3 2 15
4 1 15
3 2 15
4 1 15
3 2 15
2 1 15
3 2 15
4 1 15
3 2 15
4 1 15
3 2 15
4 1 15
3 2 15
4 1 15
5 0 15
4 1 15
3 2 15
4 1 15
5 2 15
4 3 15
5 2 15
4 3 15
3 2 15
4 1 15
5 2 15
4 3 15
3 2 15
4 1 15
3 2 15
4 1 15
3 2 15
4 1 15
3 2 15
4 1 15
3 2 15
4 1 15
3 2 15
4 1 15
3 2 15
4 1 15
3 2 15
4 1 15
3 2 15
4 1 15
3 2 15
4 1 15
3 2 15
4 1 15
3 2 15
4 1 15
3 2 15
4 1 15
3 2 15
4 1 15
3 2 15
4 1 15
3 2 15
2 1 15
3 2 15
4 1 15
3 0 15
2 1 15
3 2 15
4 1 15
3 2 15
4 3 15
3 2 15
4 2 15
3 3 15
2 2 15
2 1 15
1 0 15
0 1 15
1 2 15
2 1 15
3 2 15
4 1 15
3 2 15
4 1 15
3 2 15
4 1 15
3 2 15
4 1 15
3 2 15
4 1 15
3 2 15
4 1 15
3 2 15
4 1 15
3 2 15
4 1 15
3 2 15
4 1 15
3 2 15
4 1 15
3 2 15
4 1 15
3 2 15
4 1 15
3 2 15
4 1 15
3 2 15
4 1 15
3 2 15
4 1 15
3 2 15
4 1 15
3 2 15
4 1 15
3 2 15
4 1 15
3 2 15
4 1 15
3 2 15
4 1 15
3 2 15
4 1 15
3 2 15
4 1 15
5 2 15
4 3 15
4 2 15
3 3 15
2 2 15
3 1 15
4 2 15
4 3 15
4 2 15
5 1 15
6 0 15
5 1 15
